================================================================================
SCOPE: alle_lehrkraefte
Datensätze: 2458
Tokenklassen gesamt: 10
Mehrfach belegte Tokenklassen: 10
Maximale Dichtespannweite: 7.621469
Stärkste Nichtlinearität bei token_anzahl = 6

Token | n | Mittelwert | Std | Min | Max | Range
    1 |  12 |   1.407285 |   0.433936 |   0.781849 |   1.725980 |   0.944131
    2 | 130 |   2.349872 |   0.488918 |   0.755950 |   3.586322 |   2.830372
    3 | 300 |   2.955280 |   0.690443 |   0.266479 |   4.686891 |   4.420412
    4 | 533 |   3.277406 |   0.703754 |   1.255253 |   4.999492 |   3.744240
    5 | 676 |   3.463720 |   0.732046 |   0.886458 |   4.994627 |   4.108168
    6 | 547 |   4.041201 |   0.558162 |   0.645094 |   8.266562 |   7.621469
    7 | 157 |   4.291380 |   0.369438 |   2.359405 |   4.860408 |   2.501003
    8 |  70 |   4.340391 |   0.411611 |   3.420584 |   4.939442 |   1.518858
    9 |  18 |   4.618760 |   0.279802 |   3.604478 |   4.743970 |   1.139492
   10 |  15 |   4.668206 |   0.543317 |   3.356889 |   5.134792 |   1.777903

================================================================================
SCOPE: lehrkraft_1
Datensätze: 1607
Tokenklassen gesamt: 10
Mehrfach belegte Tokenklassen: 10
Maximale Dichtespannweite: 4.468600
Stärkste Nichtlinearität bei token_anzahl = 6

Token | n | Mittelwert | Std | Min | Max | Range
    1 |   5 |   1.177793 |   0.501815 |   0.781849 |   1.725980 |   0.944131
    2 |  85 |   2.287170 |   0.480127 |   0.755950 |   3.586322 |   2.830372
    3 | 189 |   3.052807 |   0.659475 |   1.113033 |   4.481156 |   3.368124
    4 | 376 |   3.266018 |   0.686610 |   1.255253 |   4.625382 |   3.370130
    5 | 433 |   3.497046 |   0.754832 |   0.886458 |   4.994627 |   4.108168
    6 | 327 |   4.009992 |   0.532749 |   0.645094 |   5.113694 |   4.468600
    7 | 113 |   4.281604 |   0.380795 |   2.359405 |   4.860408 |   2.501003
    8 |  56 |   4.330449 |   0.416074 |   3.420584 |   4.939442 |   1.518858
    9 |  15 |   4.671260 |   0.129507 |   4.352276 |   4.720335 |   0.368059
   10 |   8 |   4.631612 |   0.524537 |   3.356889 |   4.970607 |   1.613718

================================================================================
SCOPE: ohne_lehrkraft_1
Datensätze: 851
Tokenklassen gesamt: 10
Mehrfach belegte Tokenklassen: 10
Maximale Dichtespannweite: 6.107849
Stärkste Nichtlinearität bei token_anzahl = 6

Token | n | Mittelwert | Std | Min | Max | Range
    1 |   7 |   1.571207 |   0.319533 |   0.873309 |   1.725980 |   0.852671
    2 |  45 |   2.468308 |   0.488670 |   0.962650 |   3.586322 |   2.623673
    3 | 111 |   2.789220 |   0.712968 |   0.266479 |   4.686891 |   4.420412
    4 | 157 |   3.304678 |   0.744769 |   1.255253 |   4.999492 |   3.744240
    5 | 243 |   3.404336 |   0.687094 |   0.886458 |   4.994627 |   4.108168
    6 | 220 |   4.087590 |   0.592132 |   2.158713 |   8.266562 |   6.107849
    7 |  44 |   4.316487 |   0.341421 |   3.375767 |   4.860408 |   1.484641
    8 |  14 |   4.380159 |   0.405830 |   3.565587 |   4.939442 |   1.373855
    9 |   3 |   4.356261 |   0.651170 |   3.604478 |   4.743970 |   1.139492
   10 |   7 |   4.710028 |   0.603295 |   3.356889 |   5.134792 |   1.777903
